285.821
269.571
274.873
289.079
299.792
367.634
375.258
381.675
352.307
367.755
351.645
339.051
359.973
360.509
336.448
286.322
301.141
278.627
269.042
330.926
305.905
336.996
353.183
310.371
369.368
318.163
339.364
281.271
270.997
266.502
325.385
269.773
284.865
283.884
312.203
214.157
306.785
304.676
294.923
312.041
319.687
353.871
292.842
288.21
272.232
310.615
274.27
302.28
307.63
237.258
293.753
316.12
252.053
326.705
277.736
252.578
307.542
318.209
318.212
323.546
337.622
294.364
275.551
281.801
307.355
332.567
318.41
271.541
257.288
244.324
309.556
269.543
267.494
238.96
277.253
300.808
314.029
278.248
314.058
264.195
335.326
241.751
293.733
261.863
258.6
325.429
284.001
284.873
309.452
257.056
315.637
307.297
285.787
327.895
236.445
236.215
293.009
284.233
232.273
268.397
319.677
284.391
301.24
273.859
305.632
292.918
285.534
239.741
298.178
265.675
321.863
296.416
328.906
303.513
294.165
353.459
319.883
364.291
323.71
371.772
343.248
334.955
288.676
274.482
258.356
333.063
316.969
252.781
196.024
304.902
301.565
316.895
272.17
309.28
257.849
310.402
253.665
268.618
278.067
308.453
315.042
327.122
302.681
274.486
315.017
310.035
295.363
275.093
291.598
291.492
263.442
281.867
284.764
288.04
307.627
348.983
377.826
265.625
296.447
321.618
300.782
323.606
264.333
307.032
308.679
259.246
284.034
265.168
313.318
282.228
267.343
313.239
318.111
238.827
318.806
300.521
267.325
274.549
266.563
262.252
284.585
218.531
278.416
362.256
312.238
325.362
300.547
279.68
330.436
267.274
305.137
309.066
240.803
262.923
276.47
332.783
339.069
330.129
328.322
288.149
333.878
294.781
316.735
264.463
294.572
304.024
253.418
297.254
274.108
262.046
321.317
311.494
256.783
317.565
306.445
310.362
248.748
271.73
290.338
268.284
296.625
294.708
229.489
289.596
243.46
285.487
231.319
241.525
309.023
314.931
301.324
290.179
259.261
336.467
293.081
266.157
307.137
347.663
305.875
346.188
355.501
308.334
315.555
312.441
252.774
348.143
295.419
322.524
365.506
298.17
301.982
309.259
346.891
270.464
228.487
265.831
241.555
256.741
245.077
270.49
222.928
264.273
229.521
210.092
274.164
256.162
215.912
262.235
205.654
234.203
250.567
259.291
247.933
242.374
225.536
267.348
217.292
277.936
236.714
282.287
272.964
255.373
231.579
225.354
258.06
269.153
254.713
249.183
215.018
228.509
237.184
236.703
210.604
246.381
227.778
243.034
257.367
256.865
251.87
225.302
217.128
209.761
233.615
211.269
248.386
241.942
244.908
218.257
248.942
246.673
243.363
216.003
199.922
232.415
218.911
261.697
260.923
237.959
227.561
213.737
243.661
232.235
219.155
210.391
198.813
209.727
228.126
239.456
231.045
240.575
232.785
200.536
239.2
219.255
246.576
233.626
246.073
185.94
231.288
196.498
210.697
231.007
233.118
224.326
234.161
211.629
232.796
215.02
232.839
240.231
235.835
229.469
213.132
192.866
221.19
235.252
242.587
234.948
230.374
233.256
226.015
242.34
221.985
224.676
228.787
224.108
239.943
195.127
216.704
219.168
199.976
222.031
239.482
214.277
222.885
232.138
227.427
217.338
228.219
207.645
218.775
210.717
217.623
205.476
202.571
237.791
212.605
208.002
228.461
187.868
220.308
220.322
201.683
201.05
203.718
207.688
226.742
211.072
219.809
214.564
202.057
220.325
213.509
204.733
199.083
201.344
216.229
196.724
216.031
202.588
228.052
223.123
212.568
219.489
215.557
199.47
204.903
228.021
216.731
214.266
222.442
187.252
219.886
215.937
233.355
221.713
225.814
201.303
184.322
209.841
172.427
216.293
223.166
214.573
216.009
210.438
207.406
207.066
190.044
208.663
197.759
211.656
202.18
205.845
197.466
222.739
217.822
226.888
218.202
209.602
223.052
213.04
212.454
208.768
219.306
212.847
199.918
219.61
211.918
220.518
218.196
211.942
214.416
200.381
199.433
192.638
213.779
207.837
208.553
198.553
205.034
196.023
199.452
216.468
214.132
195.739
196.921
193.045
185.418
194.06
210.029
208.736
207.767
213.314
186.847
198.676
201.866
212.578
198.437
200.904
183.514
210.155
182.671
211.277
201.937
201.616
203.347
206.866
198.604
199.997
178.395
190.358
194.596
193.853
197.419
195.589
208.127
193.103
209.013
201.876
209.225
191.962
208.458
194.765
177.608
204.903
209.888
195.354
200.15
190.764
184.376
207.05
195.841
190.514
208.388
190.197
195.857
202.087
192.831
201.051
185.734
201.583
207.131
202.285
190.936
180.174
188.002
185.783
171.182
185.551
181.863
177.925
177.005
204.678
94.436
93.8873
94.3049
94.841
95.3622
89.9747
92.1576
90.0589
93.447
94.548
92.1101
94.8718
101.614
99.7046
102.617
101.323
101.492
101.024
98.0103
98.9319
98.7349
101.375
100.023
87.771
255.459
325.979
294.259
276.713
331.351
315.988
284.834
283.511
282.269
288.601
288.016
256.692
302.596
316.809
290.498
300.423
292.214
248.554
295.847
266.436
292.428
289.181
271.277
315.564
287.557
287.243
304.899
289.317
294.409
319.775
318.105
322.311
281.086
290.852
269.745
287.655
280.664
305.435
282.759
338.911
322.991
340.551
344.976
310.448
327.4
287.926
325.294
317.494
309.182
241.071
246.117
272.407
290.446
289.017
323.62
263.526
283.642
294.628
296.099
310.174
291.685
293.408
328.205
279.415
254.338
318.995
248.618
289.76
196.852
309.164
328.909
300.351
334.203
309.299
322.781
347.072
336.659
335.401
315.446
332.129
321.79
328.871
328.965
342.796
292.809
303.953
304.649
324.662
338.376
290.371
327.122
321.505
307.379
340.288
283.121
329.805
321.386
287.269
306.159
298.11
327.407
283.789
300.654
247.693
314.216
277.366
290.317
282.982
228.057
255.331
229.896
241.143
226.515
219.121
225.93
251.85
255.285
258.669
255.29
228.554
252.364
238.819
226.135
259.044
253.435
213.146
229.297
240.898
250.078
258.542
250.477
257.704
244.722
259.332
238.872
252.409
257.473
248.012
230.885
247.188
242.99
257.9
229.033
229.403
238.293
244.427
246.868
227.121
248.049
216.407
257.675
253.1
252.053
247.741
223.02
236.604
237.504
235.021
224.334
245.246
219.083
249.73
245.483
220.859
252.491
245.678
235.886
245.277
248.3
230.281
221.762
248.418
239.24
216.426
241.559
236.166
221.515
239.835
220.387
247.127
238.139
239.156
229.402
222.656
223.628
228.24
229.289
213.532
234.55
221.907
226.781
224.421
238.524
225.138
235.192
240.647
234.397
239.348
209.677
217.326
239.899
224.954
210.459
237.5
223.202
227.256
234.675
240.485
227.765
212.031
219.025
223.612
206.807
235.741
237.17
235.021
205.764
221.823
225.857
233.993
205.488
230.406
214.681
222.113
205.269
225.427
210.081
211.887
235.3
230.04
226.474
224.755
204.651
217.603
217.946
218.916
217
211.279
204.905
200.383
212.532
200.312
225.687
214.392
211.847
230.155
215.105
194.528
95.5094
210.198
94.8145
89.5978
93.8853
94.1367
94.5037
91.3262
93.8317
93.6108
94.0843
94.472
89.8396
89.6839
92.0317
112.505
139.022
137.89
135.518
129.491
135.747
138.087
138.104
131.957
132.404
135.54
127.407
132.375
150.361
143.811
149.419
150.994
147.8
148.036
144.676
145.994
146.809
141.984
146.221
148.093
140.115
151.925
146.239
140.313
156.605
153.674
157.513
146.432
142.15
150.676
150.475
140.949
149.175
145.776
153.847
160.086
154.947
162.27
159.198
165.868
156.782
153.783
141.031
160.138
160.093
156.903
160.522
157.253
158.762
158.133
162.157
143.516
144.612
154.843
156.334
140.789
152.671
157.363
152.269
160.729
158.201
152.073
140.616
151.226
165.839
153.644
154.575
155.253
142.545
149.236
152.586
156.221
153.904
158.759
158.098
161.205
149.875
152.383
126.539
145.168
144.028
157.399
153.22
148.431
139.546
136.908
145.712
137.425
136.402
147.705
146.395
139.37
137.421
136.528
122.013
122.002
124.015
112.827
141.64
112.968
130.284
124.762
116.314
134.241
120.767
122.509
139.496
135.601
119.035
130.342
130.891
110.859
132.961
125.148
133.994
126.807
137.108
126.004
125.782
117.896
123.292
126.515
124.346
125.234
117.819
124.809
121.873
125.603
123.509
122.639
122.446
126.281
125.332
111.832
123.007
123.932
120.879
125.561
138.305
128.57
129.087
124.911
123.564
130.193
118.247
120.345
112.396
118.734
114.362
118.487
117.065
129.274
119.986
127.59
114.652
120.712
110.18
122.616
115.122
125.889
121.973
118.364
129.827
118.828
120.729
119.031
116.239
119.688
125.097
125.083
119.098
121.25
123.967
123.742
118.88
120.933
125.141
127.3
118.172
115.887
121.236
114.343
117.134
112.912
120.862
129.22
118.047
119.421
120.112
117.578
118.688
116.118
123.389
111.906
119.48
119.748
119.206
125.134
119.632
113.859
118.629
111.537
113.64
116.39
115.296
120.03
109.685
129.925
118.905
118.287
119.48
115.046
130.658
120.273
127.196
118.833
113.069
126.435
116.565
125.372
114.406
130.491
121.526
125.178
118.948
125.935
116.116
120.321
122.033
121.619
123.293
130.592
124.82
128.063
112.812
127.07
120.824
118.373
111.114
123.454
118.996
121.275
130.631
114.349
115.694
128.58
121.531
127.573
127.223
125.083
126.679
122.901
109.951
123.793
123.92
123.86
125.928
127.697
119.008
112.874
117.423
114.77
115.948
116.645
113.567
120.739
116.827
121.208
123.052
119.718
122.212
114.02
117.239
123.334
122.096
120.549
114.049
120.308
111.631
112.36
114.935
117.107
124.097
121.254
118.422
120.266
119.187
111.329
115.098
119.098
129.771
111.794
118.198
118.203
113.746
138.453
120.361
118.646
123.106
132.384
130.849
115.741
123.354
118.639
111.452
116.865
119.091
109.036
118.68
120.372
120.239
116.91
127.108
117.705
112.3
112.919
114.097
126.838
114.635
110.693
127.832
113.226
112.309
120.63
119.246
117.018
117.154
115.763
116.959
118.442
114.997
114.447
120.178
125.987
117.749
117.797
118.147
119.095
118.671
117.941
111.042
109.48
116.357
118.606
116.643
110.795
120.511
121.266
118.308
117.813
114.576
113.073
110.834
113.203
119.762
119.229
114.065
117.52
120.045
119.615
122.78
118.814
120.59
114.588
113.805
117.146
119.288
111.737
118.872
118.331
112.326
117.881
117.103
119.802
117.987
118.967
112.691
115.095
111.448
117.157
112.686
114.85
119.84
118.064
119.234
125.894
119.774
119.651
108.828
112.507
117.414
117.959
118.722
115.018
114.676
119.293
123.746
117.52
118.881
118.309
117.074
112.862
120.693
118.991
103.11
116.399
111.089
131.063
116.544
119.13
118.843
125.626
112.239
115.854
112.975
117.625
116.391
114.709
118.653
117.382
119.017
118.657
125.913
117.976
118.376
118.907
115.366
118.265
125.595
119.128
119.52
133.801
119.077
114.894
118.227
109.063
125.155
111.677
124.087
128.578
115.224
129.575
118.599
117.617
111.948
114.227
121.348
128.895
120.026
112.593
125.13
111.811
116.011
116.854
124.752
124.46
117.433
123.95
121.289
129.418
118.238
125.888
117.902
118.113
121.598
117.359
120.87
123.038
115.627
122.935
120.515
119.35
118.99
129.692
118.342
131.554
116.312
121.728
118.268
123.431
124.351
112.237
129.861
113.234
122.591
130.362
139.177
137.665
116.743
111.5
133.765
113.236
123.678
122.995
125.506
126.91
132.91
125.455
137.863
138.848
119.776
126.589
124.328
132.448
117.397
142.282
128.157
126.725
143.779
136.815
151.356
120.319
113.847
138.676
121.522
134.658
131.294
118.981
135.786
114.927
143.213
144.314
152.155
151.135
136.911
156.108
122.855
123.724
117.881
122.265
133.781
112.018
121.948
119.112
141.471
121.154
137.345
134.268
126.059
128.437
126.209
124.365
117.688
114.375
137.255
128.471
129.673
139.447
126.361
140.958
136.595
141.783
121.211
111.026
121.879
111.911
131.696
129.928
123.268
118.078
128.981
134.883
139.318
135.567
121.974
130.139
157.943
135.884
129.345
138.249
137.972
142.08
121.777
139.581
115.911
115.331
138.447
147.688
117.913
140.035
121.748
133.777
157.941
154.477
141.113
142.883
136.826
143.917
132.081
124.995
142.913
138.594
156.66
144.189
167.341
164.899
151.546
153.517
132.942
120.823
141.263
179.494
138.914
166.671
151.855
152.991
132.994
136.928
119.923
137.487
146.553
129.225
134.36
159.165
122.785
153.186
136.794
120.622
142.665
139.181
141.623
118.476
151.863
155.08
136.443
150.854
146.384
125.019
135.944
142.704
143.636
145.752
138.488
118.641
140.734
140.338
148.369
147.261
152.806
144.372
140.589
159.977
134.789
138.762
146.96
141.661
131.346
126.864
154.451
134.862
118.369
130.403
160.036
135.219
135.48
135.681
140.649
118.74
135.641
150.096
142.574
158.238
143.672
151.545
146.663
151.709
152.131
133.997
154.598
127.562
160.196
136.984
136.922
154.322
113.933
125.965
147.211
153.335
142.635
145.069
130.277
141.944
134.163
122.285
142.133
136.496
129.883
149.371
119.042
143.439
142.257
128.968
137.528
121.517
129.44
138.036
133.61
122.75
140.466
129.865
114.345
136.553
130.871
143.776
146.662
125.638
120.159
116.39
124.649
153.908
122.11
131.664
124.409
139.705
128.67
136.095
141.727
144.942
140.028
151.224
152.869
151.441
132.472
136.545
142.201
137.303
152.94
134.878
142.383
137.183
127.893
154.952
136.515
128.868
139.576
138.412
136.007
146.477
131.477
139.72
127.259
143.137
136.715
138.111
155.195
132.578
135.056
135.711
124.6
129.812
140.606
140.475
122.92
137.142
140.758
132.652
133.068
120.286
154.587
133.136
141.27
133.391
156.238
153.489
130.714
143.963
123.948
135.288
138.653
129.487
114.318
139.432
146.205
139.763
141.363
130.805
121.859
151.446
136.505
142.38
141.221
146.408
130.917
136.328
115.774
140.349
144.02
125.033
139.482
146.635
135.668
125.57
135.178
144.428
153.712
145.557
120.228
120.948
128.57
149.577
129.537
132.76
134.694
140.309
118.9
133.951
134.002
138.207
120.085
142.349
131.224
151.914
129.515
134.343
129.049
129.594
119.482
121.236
132.571
136.718
132.452
118.713
138.437
134.105
132.242
144.827
118.489
151.253
152.632
118.563
127.364
135.467
123.337
134.469
127.758
136.201
124.853
131.427
113.799
118.615
141.91
138.304
137.891
121.792
128.266
137.171
118.3
112.661
127.013
147.597
130.85
140.525
132.139
137.599
142.611
141.829
135.174
127.793
139.934
145.135
116.532
139.817
118.314
149.886
124.963
131.325
142.453
117.501
155.031
132.608
146.96
159.365
122.879
135.256
142.267
126.098
142.653
138.742
142.267
110.229
126.038
137.167
123.53
140.351
144.159
150.965
135.48
128.714
143.812
127.593
130.253
132.357
142.96
116.419
108.459
140.126
128.936
131.711
132.761
123.762
128.875
138.121
138.61
131.342
138.41
118.235
134.811
135.57
127.148
131.391
132.853
130.069
115.333
111.775
99.6531
140.783
117.779
130.497
136.153
126.595
139.068
120.319
129.861
133.738
112.185
133.146
128.756
126.866
129.427
140.466
128.75
135.274
137.793
139.79
121.132
135.294
135.508
108.306
132.593
115.685
132.108
144.975
111.051
134.574
135.608
142.036
143.945
144.213
159.462
121.108
116.064
155.884
154.885
139.504
146.181
151.793
149.986
133.781
125.736
158.909
135.643
142.488
142.841
156.672
154.49
155.415
164.483
170.898
157.229
162.577
145.761
159.477
132.875
166.862
168.844
138.555
139.391
154.402
137.376
137.622
169.974
145.746
146.238
154.792
143.223
170.065
153.505
148.118
152.201
138.355
137.299
128.34
123.814
133.629
120.69
160.706
164.149
141.541
142.224
117.474
122.596
153.931
159.346
118.847
165.026
155.791
155.773
163.734
140.338
136.269
132.539
132.17
126.34
171.487
165.407
168.276
160.602
156.234
145.996
130.819
141.607
133.811
143.12
146.04
135.922
151.125
156.028
143.447
168.795
140.497
137.282
164.147
126.211
136.349
118.844
146.246
156.918
146.242
140.525
127.792
124.393
149.334
148.322
149.161
148.98
134.043
139.381
159.211
158.169
120.93
140.123
137.493
150.739
169.079
153.688
162.236
134.561
152.529
137.723
159.698
142.154
133.928
152.974
127.447
123.705
139.934
163.949
139.996
139.531
129.648
149.294
146.979
136.3
131.267
128.858
152.374
154.339
144.783
135.495
130.561
140.3
132.937
152.061
126.532
135.867
122.693
142.515
122.923
132.955
150.802
124.6
124.068
135.676
124.963
138.927
150.713
140.192
155.709
121.172
143.391
134.956
146.495
138.41
155.507
127.451
164.696
133.816
136.531
150.345
153.415
158.425
145.277
137.551
132.013
126.24
118.58
130.452
136.3
132.708
126.704
146.62
144.74
140.151
146.332
152.892
127.573
145.035
119.101
159.951
139.319
149.606
120.123
139.168
131.432
154.31
153.439
153.607
141.936
153.216
142.155
153.968
150.578
144.961
160.037
149.597
159.362
131.894
160.995
162.507
126.569
148.138
163.586
157.738
149.109
139.893
143.097
141.163
152.876
144.4
153.585
122.544
132.711
143.727
149.925
170.658
147.587
127.742
156.148
139.131
151.532
131.283
146.22
149.752
160.086
149.761
153.722
165.347
141.842
151.374
141.276
143.224
157.08
127.332
133.151
141.512
146.119
134.503
149.176
137.819
129.359
127.095
158.9
128.301
149.351
156.723
142.565
138.152
148.342
123.414
156.356
124.853
118.547
135.831
128.823
146.306
138.483
138.662
129.722
136.365
146.984
124.91
126.597
127.539
133.055
139.505
139.922
141.066
168.446
157.667
162.866
126.3
155.573
167.937
137.291
139.819
132.167
150.481
165.649
137.736
167.399
143.898
146.972
139.469
120.545
131.677
148.746
122.487
121.553
135.968
147.846
136.737
146.807
167.467
126.906
156.185
141.36
139.369
151.826
152.824
144.815
129.41
131.056
134.624
149.409
166.777
127.351
153.272
138.629
135.069
140.286
141.115
133.394
146.33
141.448
137.482
147.852
150.566
149.692
133.686
133.37
121.802
145.452
153.438
123.796
140.752
129.258
139.196
139.226
137.482
140.32
140.266
135.741
133.193
131.613
134.281
138.952
125.706
137.184
126.029
126.619
122.85
135.763
123.551
142.236
147.631
127.907
128.744
123.3
124.926
129.359
150.605
130.409
119.876
128.845
138.47
134.18
148.03
139.803
143.564
134.672
126.583
151.908
144.319
141.888
152.549
160.932
146.968
140.224
139.053
165.866
151.114
148.921
135.964
166.866
144.483
161.216
141.398
158.907
160.595
143.851
147.952
151.851
150.09
169.672
167.947
162.264
131.296
158.745
139.421
151.783
153.468
152.709
163.216
148.458
164.86
165.531
172.726
143.215
161.726
124.762
150.923
153.074
156.112
131.443
168.919
147.74
151.991
163.341
146.496
153.387
136.844
129.974
151.148
124.334
139.656
141.242
129.707
145.272
169.378
152.15
134.592
164.357
153.118
126.11
124.311
135.803
144.511
138.059
168.203
151.239
139.995
170.809
178.892
163.559
147.844
148.314
163.63
140.267
157.153
166.721
154.472
165.591
153.91
157.993
174.729
135.163
152.176
164.722
153.015
150.935
161.507
150.145
150.511
168.648
150.318
165.74
149.956
154.67
140.753
161.434
157.059
163.183
168.902
165.419
152.039
158.753
168.415
168.279
160.709
151.93
146.901
147.404
150.871
129.148
170.469
156.42
125.874
159.995
128.398
143.8
140.638
154.566
149.277
144.1
146.461
155.89
130.228
137.245
130.225
120.46
121.246
124.307
148.472
153.336
155.478
164.045
153.325
141.037
152.005
136.762
149.052
143.737
125.761
133.406
141.478
145.597
152.577
118.423
141.888
125.466
114.492
150.734
139.696
148.411
128.073
136.716
137.105
141.278
142.744
151.858
153.867
134.361
141.84
147.211
139.306
124.762
150.026
124.57
146.04
136.857
147.202
142.3
156.515
116.053
135.791
140.678
150.517
135.773
151.546
130.984
144.417
168.457
127.772
152.533
162.644
146.141
136.154
146.782
160.801
136.287
169.723
169.152
155.232
153.266
149.831
150.227
142.555
155.956
150.823
143.808
152.224
143.74
106.791
139.026
135.604
154.77
153.104
152.267
133.138
162.872
148.875
151.427
142.585
140.513
147.034
122.017
159.317
154.971
129.274
141
162.721
153.532
145.879
167.118
156.486
159.44
155.941
147.972
151.115
149.376
152.823
152.549
160.381
162.157
151.493
145.339
158.875
146.444
149.148
153.056
175.139
161.19
162.507
142.154
149.066
171.727
148.985
149.148
156.558
124.673
161.781
163.83
129.432
146.558
152.943
150.495
137.664
143.253
157.304
158.839
153.201
146.683
172.031
154.122
121.705
122.142
113.741
140.018
155.07
152.47
147.849
133.898
149.587
148.21
157.459
170.691
150.834
140.617
139.896
150.941
144.094
150.345
144.409
160.051
159.982
128.771
163.58
153.234
149.8
141.27
145.062
134.024
149.701
153.395
152.633
145.179
141.521
147.006
152.677
134.067
143.131
162.962
155.886
171.146
170.12
146.42
142.754
147.894
148.249
163.446
148.597
128.149
127.803
133.949
168.326
149.633
148.558
117.119
119.496
127.545
129.476
145.381
144.376
142.229
139.983
106.362
122.499
125.303
130.253
141.983
141.651
138.211
141.655
144.519
124.736
128.233
153.575
151.686
126.02
127.227
125.691
131.441
135.843
125.894
154.482
145.118
136.586
157.093
149.71
150.944
139.301
125.478
142.3
152.053
143.148
141.772
144.91
151.7
140.97
132.172
130.97
152.404
153.549
124.652
134.22
124.929
112.075
128.599
109.903
151.397
131.128
150.501
152.197
153.563
144.944
163.254
134.572
128.354
120.133
121.021
143.944
151.985
136.463
164.308
150.523
139.141
151.596
136.935
129.529
174.162
171.836
152.098
155.609
147.502
152.067
159.558
162.737
145.43
132.92
157.184
155.209
152.569
177.864
156.806
161.935
159.563
135.919
159.784
154.913
148.274
149.202
153.227
151.706
165.12
157.692
142.692
170.371
138.147
164.99
149.464
164.154
158.551
116.813
142.164
146.257
165.973
151.412
140.151
157.221
172.395
155.732
141.152
168.288
168.229
146.714
168.756
154.701
134.666
144.114
134.055
144.074
153.098
160.733
171.202
154.653
158.641
167.176
156.857
164.999
147.95
169.112
138.753
148.688
165.017
140.391
162.217
163.459
148.676
174.255
160.022
143.676
124.71
132.228
162.763
162.499
169.759
173.765
165.986
162.436
162.264
149.967
167.828
170.039
149.108
167.737
141.512
161.749
158.684
167.035
160.5
151.412
160.961
153.715
138.644
145.809
146.887
164.668
154.922
155.81
116.919
138.277
155.771
145.713
141.605
151.104
135.568
153.3
138.376
164.039
139.289
146.455
149.793
160.81
140.243
142.518
153.864
138.435
127.059
147.618
160.309
149.701
134.785
162.13
156.589
142.64
150.853
164.585
150.503
142.264
131.721
139.117
125.058
147.555
127.737
148.533
151.766
145.605
156.331
142.488
128.915
150.943
145.588
140.855
148.798
146.315
127.578
147.344
148.356
142.366
140.064
143.117
153.015
146.274
146.831
147.155
151.365
161.503
131.958
148.014
163.868
164.334
141.253
155.796
158.336
141.822
175.678
165.266
156.952
149.279
159.238
168.038
139.608
147.493
163.984
165.488
141.395
147.44
158.847
136.932
145.347
150.803
137.619
144.836
152.636
160.725
148.508
166.099
158.041
162.319
177.48
168.256
151.532
149.205
153.56
126.099
158.518
